000000122210012120220
000010022012102123210
000011211002202022110
000100022102201123113
000100202112200123223
000100211120220022110
000100212100202120213
000112001020221022212
000200010112202123000
000200100112220121323
000200210102120122120
000212111200200021133
000220012001102120222
000220110021002120110
000220111012200020111
001002121102200023223
001012121000202023113
001012121200200023130
001110001002222021310
001112001000222021110ÿÿÿ!
001112001200220021110
001200022200110121210
001200200110220122132
001200200110220123032
001200211012200022101
001201200210200120300
001201200210200121223
001201210010202022332
001202101012200023031
002010000212102121202
002010001202210123230
002010020212010121230
002010102002102122031
002200010012102123012
002200011002210123012
002210010002120121322
002210011200210023021
002210020002011122002
010200011002202122320
010200022002011123101
010200210002102122313
010220012002001123221
010220212000100122123
011002101200220021331
012000020210012122332
020000011002212121030
020000011012210223323
020010022010012121012
020011010002212023221
020110001120220021011
020110021002021021322
020110021022000122223
020111001002202021021
020201022000110123020
021000022100201121032
021010101200220021011
021100020002201123202
021110020002002122303
021111000000222021032
021111020022000021000
021200100001122022301
021200100021002122202
021220010002110023221
021220211000010020100
021221000001120021302
021221012000100020232
022001022010100120200
100000200012122121302
100000200112220121323
100000202112002122303ÿÿÿ!
100010200012202120313
100020011002210220110
100100210100222022322
100200210000212122332
102200010022100122223
110200210002200120323
120001210000212021030
121200102001002020213
200000221102001122101
200001010102202123222
200001011002210220001
200001021100221023130
200001021201201021213
200001221100001223332
200001221101200020333
200010201101220021331
200010221011200020333
200010221101000223303
200020021102100123130
200201001002210123231
200201001101220023021
200201021000201123012
201001000120202122231
201100120002001223311
201101020022100023210
201102020002101021113
201110020002021020010
201110120022000020010
201110120022000022233
201200001200210121232
201200020110002122332
201200020120010122223
201201020001102022321
201201020102000123121
201201020102100023223
201201020200110020002
201201200002100122110
201201220000101022112
201220000102100120131
210110122002000020222
210201200000012122322
210201200210000121223
211000020100202120313
211000020101022022333
211010020001020221302
211010122000000223332
211200200020010122131
221000011000210221032
221010010002210023233
221010010202000121203
221110020020100021032
221200010002100123012
221200011000210021012
221201210000010022103ÿÿÿ!
000000021101221223130
000001000121221222231
000010021120122022333
000011020100122223322
000120012021001220213
000120021000212122320
000120100210201220302
000120102201001221222
000121000021021220103
000200001110221223000
000201001120120222220
001010102200021223300
001100020002121223122
001100020200212121201
001100100022021222202
001100100022021222231
001110002002021223212
002001000012121223210
002020001102201122031
002120021000201123132
002201001000121223032
010000021120120223130
010010000120122222231
010100102102020223223
010110102000022220220
011021000022001220100
012021010002001222022
012110000000122222022
021010120000120223300
022010000010121221302
022010102000101223300
100000102210201220201
100020021102201023233
100100000210221221302
101020020100201223113
101120000000221220112
102020110002021021322
102021010022001022233
122000100002210120301
122020110002000121013
200110020200121021210
200110102102020020033
200110102200021021232
200201201100200122120
200202001100201121120
201100020210012020003
201100020221010022223
201102120002001023202
201102122010000020201
201110022000001220232
201120020020011020112
201120021000201020321
201120022010001020203
201120220000101022122
201122020011000021102
202000101002210120010
202110102000001222031
202112102001000021133
202200001110200122011
202200101000201123032
210000001010221220011
210101000022001222213
210200201100002122303
210201200000012122322
210201200120000122223
211100000002021220022
211100020002001223311
220000121020101022213
220010120000121021012
220110102000120021311
220112002001100021020
221000120000121021302
221010020000121020033
221010122000100023113
222010002001101020222
222010100020101022031
000210001021201222220
000211002001201220222
001210002001021221303
002210001100201222031
010010001201202223300
010010211200200222123
010210021000201223120
011010202000021222130
012010001210200222021
012210001001200223012
100101020002212023210
101000202002211023233
102100020002210122023
111000202000201220313
120100020000212123101
120120010000212022332
120120010012200020302
120121002012000020203
121001002002201021021
121021000012200020102
200100001022210122231
200100020012210120020
200110000022201122220
202100001002201122022
210010001210202021211
210010200022001122103
210012000010212021112
210201200000012122322
210210200020010123032
202210100020010122232
210200120020010123120
211200200020010122131
000022001110221020100
000101222200100122120
000110220220001121202
000110222020100122212
000202001010221123032
000202111200200121101
000210021020201122220
001002001002221123230
001010021220200123111
001022001121200022231
001022021100201023113
001102001021202022301
001112001220200022232
001202101000220121312
001210020220001123021
001220120020001120112
002011001220200122031
002100122200100121210
010100011200202221211
011100001202200223223
011102001000202223322
012200020100021121303
012200021000201122022
012201200000021122131
012210000020021122221
021200011100200221001
022000011100201222030
022100122000001120200
022100211000001222103
100010012002122021310
100010012102020223323
100010202200110222120
100010212020100222212
100010212100002222322
100011012022020022233
100011102002020223322
100210210201200022120
100220011100200223311
100220111200200021210
100222101100200020110
101102001202200021133
101210002200100221213
101210102000020223032
102001001202210023230
102010002200101222030
102010201200210022111
102012001200200121122
102200011201200020333
102200120021000122010
102202101100200022010
102210021000201022010
102210200001021022111
102212000000021121122
110200012100002223021
112200001200210023021
112200011200000221223
112210010000002222002
120000120010202120313
120010002002112020220
120010020001202122312
120010020010022121303
120011020201200023130
120200120020001121001
120202011100200021020
120202101000200123032
120202101000201021133
120210021000210023120
120210101000200223311
120210201000021021020
120212001000201020321
120212201000000121113
120220101000210020111
121000020012200123223
121002001002200121131
121210000201200021021
122000001200210121032
122010020010102022312
122010021210000021211
122010200000112022131
122011000002102023221
122200001000211023012
200002001110220120030
200210120000021121322
200210120021000120020
200211020020001122213
202120120000001122010
210201200000012122322
210201200020001122131
220100020001210123120
220102000002011121101
220102020000101123132
220120001002001123231
220120020000011120103
220120120000100120111
222100000001211020321
222100120001000121001
222100210001001020033
000220022001011120121
001100020002212123210
001221200002010123031
002020100011022120100
002021000120102120110
002021001120200120323
002021020100210123122
002100022011002122303
002100200011202122301
002101020000212122301
002120200010201122131
010000002101222121331
010000012102220123223
010000022011202122301
010020022001201120330
010221200020010122232
012000010012220122002
012100000010222122332
020100021000212121020
020100120002012123202
020100122010002121020
020101020020012122232
022001000120012122031
100221102001000223322
100221102020000123010
101020220002010122123
101200000210210223331
101200022001210023101
101200120200210021202
101202010100202021110
102000020001221120301
102020000100221120131
102020120001002123113
102020120001020121322
102100020002210122023
102100022001200120211
102100202010002120201
102102000012200123223
102102010000202120321
102102021000200123132
102102210010002021102
102120020000201123113
102120200001002120103
110020020002012123111
110022000102002123230
110220002001210020321
110220212001000022103
110221002001200020333
110222010100002020103
112020020021000122223
120121002020000122220
121200010000210221012
121201010000202022333
202100000011022120003
210201200000012122322
210201201020000120001
000000102012121223230
000101000021122222220
000101001021202220313
000120122001012020100
000121202100210020110
000200102011120223323
000200110110222022332
000201112010022020203
000211002011002220203
000220102001102120110
001010200002211222122
001200100112220021333
001210000112200223021
002010021011020221323
002011020011002222000
002100021001212023101
002100200012210122000
002120002101012022031
002121000001212020302
002201020011100223313
002201021001120021333
002201021011200020333
010200002010121223032
010200002011122022333
010201000011202223020
011010000022201220313
011010200012200223230
011202002000101221113
011210200000201223032
012001001001202222022
020100021000212121020
020110021001002221013
020120021100001223111
020122001000101221000
020200102101002121020
021020002100210121032
021100202100210022101
100000012102021220203
100010021001022222320
100020002102210120110
100020002102211023233
100200012010122022332
100200100210122021202
100200110202120023223
100200112012020023223
100202100002121023233
100210002011020221323
100210011002220023210
100211012002200020213
100220010102120023233
100220110000120220111
100221002100210023021
101000000102221221302
101000002122001222213
101010000022021221302
101012212002000022110
101020002100210223330
101100002002201223311
101112002002200020321
101202000000121221302
101202010000120223332
102012100002120022030
102100000002212122301
102100000002212122321
102100021001002222010
102101000001022221331
102120000002211022002
102200102011000222010
102200102101002020211
102200102101002022333
102201020001100223121
102201201000100223313
102202100001102021102
110002012002120021120
110102002022001022212
110102002202100021213
110112002002000223322
110202010002120021112
112010002002120020211
120010002002210123230
120112012002000023223
120200010002121021001
120200012011000221013
120210010001220021333
120210010002201020313
120210110000200223332
120211002000210021032
121012012002000023233
121112002000000221032
121112002000002022332
200000210012210120301
200011021001002222312
200011021200001221230
200022121100100021120
200100022001112023122
200100102021012020212
200122001001100223313
200122001100120021331
200211020011200020020
200211021001000223303
201010200101022022110
201020200012010123230
201221000102000120103
201221200000010122132
210000100221012022233
210200002001102120001
210201002201100021223
210221002001001020112
210222001000011021120
211000000201012222321
211000200101020223323
211000200201100221213
212020021100100023130
212220000001011022002
212220001000101022011
220100021001001220001
220110021001002022333
221110000001022021331
000112010022012022312
000112200102100222120
000112220000110223132
001002121000210221101
001120011002020223323
001122010102020021133
002012010102100222000
002120010100122021322
002120010120012020110
010000002210212120200
010120220000110220111
012120200100010222031
020102001020101222220
021010210020012022111
021112000020012021032
022100101001200220323
022100101100002223331
022101000100122021001
022101100200102021213
022110010020012022021
022110121000002023113
022111100000022021312
022112001000100221100
100000020102212122320
100000020102212123101
100000020102212123222
100000021020212123120
100001022002211023233
100102010222010021201
100120000002212120102
100120220100010223120
100120221100002022333
100122010122000022213
101000022000211220201
101020120000210220111
101220001100002223331
102000020002211122002
102010000020212122211
102012001002201022010
102012002000211020232
102012100200210021202
102112000000212022312
110000002002212123212
110002000122200121101
110020000022210122231
110021020002210020330
110202000002211023020
110220000102120021333
110220001102000223223
110220021100002023021
110221020002100023113
112002000102201022022
112020100200210020111
112102000200210021101
120012000002211021030
200000011022101223210
200012010002101221122
201210000010220121310
202101100001200220010
202101101000020221303
210000001210202121230
210210000010202122313
220200000012011123020
221000001020101220011
221200000010201120321
221200200000011122132
222110101000000221013
100000020102212122320
100000020102212122320
000002020011122121110
000020111002022120100
000022101012002121113
000110020002212123202
001100210002022122110
001120010012022020121
001120011002020223323
002010002020111220211
002012000120101221131
002200022010011122000
010100022000212120220
010210120020001223120
010211120020000223020
012000021001202123130
012000222010001122130
012001001001222021331
012010000002212122031
012010020020101222030
012011020001202023113
012011120020200022223
012012002000101221122
012012022100100023133
012101020000202122313
012201100020001222031
020002100012102121001
020010100012022121311
020012000012102121100
020200001011202120313
021002010002102122313
021102000002120121021
100010012020022122212
100010020002212123120
100012002100201220313
100012002101020223322
100012002120021022220
100100212002020123223
100202000011022123031
100202100021002122213
100202210001002122122
101010002200022120211
101102200002020121102
102000102100122022332
102010002102120021331
102010102000120223323
102012002000121021133
102101020000220121322
102200001001202122010
110000212000022122122
110102000002022121302
111002000200022121232
112000020002210122023
112000020002210123122
112000020100220120301
112000022102100020211
112002021002100023121
112002200002110023202
112002202100100022131
112010120020000223303
112020020001020121302
112020022000001120121
112100020020200122213
120000020001122123120
120010002110200221011
120100012010022022333
120110002010020221303
120200000011022121311
120210100000022123032
121100010002022023202
121202000001002121021
122001200001020122130
122010000001022122321
122210000001020122023
200000101012022121310
200000121200211023122
200210020201010121221
200210022010010120212
200210220000011122103
200211020000211023010
210000001220211022232
210010000202211023222
220000010012102120011
220010100012002120011
220010120000211021012
100010020002212123120
101200021202000123210
101220000202010120131
102010010002202122010
120111000200202020313
120121001000202022320
120220000001120123031
120220001200100121213
121001001200202021201
121010000002202123230
121011000200022021303
121200020200100123101
121211000000202023012
121220000000012122312
121220000200011021032
121220001000200120323
122021001000200122030
